BJD	BJD0	Porb	Ereal	E	O-C	ERR	REF
2435799.247417 	2435799.247417 	0.6604573 	0.0000000 	0.0000000 	0.0000000 	0.033	1995Greiner
2448887.505702 	2435799.247417 	0.6604573 	19816.9636175 	19817.0000000 	-0.0240291 	0.00071	1996Will
2448887.508702 	2435799.247417 	0.6604573 	19816.9681598 	19817.0000000 	-0.0210291 	0.005	1995Beue
2448890.809703 	2435799.247417 	0.6604573 	19821.9662134 	19822.0000000 	-0.0223146 	0.002	1995Beue
2448896.756703 	2435799.247417 	0.6604573 	19830.9705805 	19831.0000000 	-0.0194303 	0.002	1995Beue
2449022.250702 	2435799.247417 	0.6604573 	20020.9813488 	20021.0000000 	-0.0123183 	0.00068	1996Will
2449227.617712 	2435799.247417 	0.6604573 	20331.9280368 	20332.0000000 	-0.0475286 	0.07	1995Beue
2449362.382710 	2435799.247417 	0.6604573 	20535.9760472 	20536.0000000 	-0.0158198 	0.0008	1996Will
2449640.457715 	2435799.247417 	0.6604573 	20957.0100868 	20957.0000000 	0.0066619 	0.00029	1996Will
2449987.846702 	2435799.247417 	0.6604573 	21482.9925947 	21483.0000000 	-0.0048909 		2001McGrath
2449997.083702 	2435799.247417 	0.6604573 	21496.9783588 	21497.0000000 	-0.0142931 	0.001	1996Mat
2450003.051702 	2435799.247417 	0.6604573 	21506.0145221 	21506.0000000 	0.0095912 	0.001	1996Mat
2450005.008702 	2435799.247417 	0.6604573 	21508.9776205 	21509.0000000 	-0.0147807 	0.001	1996Mat
2450012.266702 	2435799.247417 	0.6604573 	21519.9669759 	21520.0000000 	-0.0218110 	0.003	1996Mat
2450013.602702 	2435799.247417 	0.6604573 	21521.9898168 	21522.0000000 	-0.0067256 	0.00067	1996Will
2450014.273702 	2435799.247417 	0.6604573 	21523.0057795 	21523.0000000 	0.0038171 	0.00085	1996Will
2450040.021701 	2435799.247417 	0.6604573 	21561.9908872 	21562.0000000 	-0.0060186 	0.002	1996Mat
2450075.017699 	2435799.247417 	0.6604573 	21614.9784127 	21615.0000000 	-0.0142575 	0.002	1996Mat
2450369.590698 	2435799.247417 	0.6604573 	22060.9921050 	22061.0000000 	-0.0052143 	0.00099	1999Deufel
2450379.504698 	2435799.247417 	0.6604573 	22076.0029165 	22076.0000000 	0.0019262 	0.00175	1999Deufel
2450391.385697 	2435799.247417 	0.6604573 	22093.9919659 	22094.0000000 	-0.0053062 	0.00774	1999Deufel
2450397.333697 	2435799.247417 	0.6604573 	22102.9978471 	22103.0000000 	-0.0014219 	0.00065	1999Deufel
2450430.361696 	2435799.247417 	0.6604573 	22153.0056205 	22153.0000000 	0.0037121 	0.0013	1999Deufel
2450434.323696 	2435799.247417 	0.6604573 	22159.0044943 	22159.0000000 	0.0029683 	0.00036	1999Deufel
2451753.922706 	2435799.247417 	0.6604573 	24157.0125563 	24157.0000000 	0.0082929 	0.001	2001McGrath
2453991.588774 	2435799.247417 	0.6604573 	27545.0681778 	27545.0000000 	0.0450285 		O-Cgateway
2453991.590774 	2435799.247417 	0.6604573 	27545.0712060 	27545.0000000 	0.0470285 		O-Cgateway
2454003.470774 	2435799.247417 	0.6604573 	27563.0587428 	27563.0000000 	0.0387971 		O-Cgateway
2454009.416774 	2435799.247417 	0.6604573 	27572.0615958 	27572.0000000 	0.0406814 		O-Cgateway
2454025.271774 	2435799.247417 	0.6604573 	27596.0676898 	27596.0000000 	0.0447062 		O-Cgateway
2454026.580774 	2435799.247417 	0.6604573 	27598.0496498 	27598.0000000 	0.0327916 		O-Cgateway
2454792.711751 	2435799.247417 	0.6604573 	28758.0504205 	28758.0000000 	0.0333006 		O-Cgateway
2455109.745752 	2435799.247417 	0.6604573 	29238.0723705 	29238.0000000 	0.0477976 		O-Cgateway
2455857.409746 	2435799.247417 	0.6604573 	30370.1122374 	30370.0000000 	0.0741280 		O-Cgateway
2456592.517948 	2435799.247417 	0.6604573 	31483.1413492 	31483.0000000 	0.0933551 	0.00053	AAVSO
2456594.507188 	2435799.247417 	0.6604573 	31486.1532623 	31486.0000000 	0.1012232 	0.00046	AAVSO
2456916.811308 	2435799.247417 	0.6604573 	31974.1547122 	31974.0000000 	0.1021808 	0.00053	AAVSO
2456927.380589 	2435799.247417 	0.6604573 	31990.1576862 	31990.0000000 	0.1041450 	0.00025	AAVSO
2457272.805749 	2435799.247417 	0.6604573 	32513.1667589 	32513.0000000 	0.1101371 	0.00057	AAVSO
2457277.767599 	2435799.247417 	0.6604573 	32520.6795080 	32520.5000000 	0.1185574 	0.00127	AAVSO
2457280.731729 	2435799.247417 	0.6604573 	32525.1675044 	32525.0000000 	0.1106295 	0.00055	AAVSO
2457281.714449 	2435799.247417 	0.6604573 	32526.6554431 	32526.5000000 	0.1026635 	0.0012	AAVSO
2457284.683189 	2435799.247417 	0.6604573 	32531.1504196 	32531.0000000 	0.0993457 	0.00039	AAVSO
2457289.328299 	2435799.247417 	0.6604573 	32538.1835919 	32538.0000000 	0.1212546 	0.0004	AAVSO
2457319.706240 	2435799.247417 	0.6604573 	32584.1789060 	32584.0000000 	0.1181598 	0.00045	AAVSO
2457335.546230 	2435799.247417 	0.6604573 	32608.1622733 	32608.0000000 	0.1071746 	0.00044	AAVSO
2457671.733312 	2435799.247417 	0.6604573 	33117.1839497 	33117.0000000 	0.1214909 	0.00017	AAVSO
2457673.707032 	2435799.247417 	0.6604573 	33120.1723639 	33120.0000000 	0.1138390 	0.00025	AAVSO
2458011.869790 	2435799.247417 	0.6604573 	33632.1854161 	33632.0000000 	0.1224594 	0.00041	AAVSO
2458012.532780 	2435799.247417 	0.6604573 	33633.1892508 	33633.0000000 	0.1249921 	0.00042	AAVSO
2458013.843750 	2435799.247417 	0.6604573 	33635.1741937 	33635.0000000 	0.1150475 	0.00048	AAVSO
2458015.833270 	2435799.247417 	0.6604573 	33638.1865308 	33638.0000000 	0.1231956 	0.00022	AAVSO
2458017.828360 	2435799.247417 	0.6604573 	33641.2073014 	33641.0000000 	0.1369137 	0.00048	AAVSO
2458018.480030 	2435799.247417 	0.6604573 	33642.1939965 	33642.0000000 	0.1281264 	0.00037	AAVSO
2458022.113100 	2435799.247417 	0.6604573 	33647.6948366 	33647.5000000 	0.1286813 	0.00069	AAVSO
2458023.757750 	2435799.247417 	0.6604573 	33650.1850051 	33650.0000000 	0.1221880 	0.00086	AAVSO
2458340.783221 	2435799.247417 	0.6604573 	34130.1940398 	34130.0000000 	0.1281550 	0.00132	AAVSO
2458369.856560 	2435799.247417 	0.6604573 	34174.2140529 	34174.0000000 	0.1413728 	0.00024	AAVSO
2458408.811669 	2435799.247417 	0.6604573 	34233.1960779 	34233.0000000 	0.1295011 	0.00053	AAVSO
2458415.422729 	2435799.247417 	0.6604573 	34243.2058999 	34243.0000000 	0.1359881 	0.00036	AAVSO
2458438.549558 	2435799.247417 	0.6604573 	34278.2222878 	34278.0000000 	0.1468116 	0.00083	AAVSO
2458449.767678 	2435799.247417 	0.6604573 	34295.2076705 	34295.0000000 	0.1371575 	0.00061	AAVSO
2458461.645617 	2435799.247417 	0.6604573 	34313.1920868 	34313.0000000 	0.1268651 	0.0007	AAVSO
2458718.897746 	2435799.247417 	0.6604573 	34702.6981593 	34702.5000000 	0.1308757 	0.00055	AAVSO
2458719.238076 	2435799.247417 	0.6604573 	34703.2134538 	34703.0000000 	0.1409771 	0.00028	AAVSO
2458720.242716 	2435799.247417 	0.6604573 	34704.7345816 	34704.5000000 	0.1549311 	0.00044	AAVSO
2458733.769265 	2435799.247417 	0.6604573 	34725.2151623 	34725.0000000 	0.1421055 	0.00035	AAVSO
2458747.629724 	2435799.247417 	0.6604573 	34746.2013169 	34746.0000000 	0.1329612 	0.00058	AAVSO
2458759.521594 	2435799.247417 	0.6604573 	34764.2068261 	34764.0000000 	0.1365998 	0.00031	AAVSO
2458765.466404 	2435799.247417 	0.6604573 	34773.2078773 	34773.0000000 	0.1372941 	0.00035	AAVSO
2458787.606803 	2435799.247417 	0.6604573 	34806.7307092 	34806.5000000 	0.1523735 	0.0004	AAVSO
2459070.604539 	2435799.247417 	0.6604573 	35235.2182677 	35235.0000000 	0.1441565 	0.00061	AAVSO
2459466.889043 	2435799.247417 	0.6604573 	35835.2335965 	35835.0000000 	0.1542805 	0.00044	AAVSO
2459468.872373 	2435799.247417 	0.6604573 	35838.2365612 	35838.0000000 	0.1562386 	0.00097	AAVSO
2459518.406702 	2435799.247417 	0.6604573 	35913.2366089 	35913.0000000 	0.1562701 	0.0003	AAVSO
2459520.374842 	2435799.247417 	0.6604573 	35916.2165745 	35916.0000000 	0.1430382 	0.00038	AAVSO
2459559.350911 	2435799.247417 	0.6604573 	35975.2303351 	35975.0000000 	0.1521265 	0.0005	AAVSO
2459566.620910 	2435799.247417 	0.6604573 	35986.2378582 	35986.0000000 	0.1570952 	0.00034	AAVSO
2459822.885524 	2435799.247417 	0.6604573 	36374.2487319 	36374.0000000 	0.1642768 	0.0004	AAVSO
2459830.810304 	2435799.247417 	0.6604573 	36386.2476605 	36386.0000000 	0.1635692 	0.00037	AAVSO
2459848.647474 	2435799.247417 	0.6604573 	36413.2549629 	36413.0000000 	0.1683921 	0.00052	AAVSO
2459850.629094 	2435799.247417 	0.6604573 	36416.2553385 	36416.0000000 	0.1686402 	0.00049	AAVSO
2459852.605084 	2435799.247417 	0.6604573 	36419.2471898 	36419.0000000 	0.1632583 	0.00049	AAVSO
2459853.93535 	2435799.247417 	0.6604573 	36421.2613488 	36421.0000000 	0.1726097 	0.00071	TESS
2459854.59366 	2435799.247417 	0.6604573 	36422.2580975 	36422.0000000 	0.1704624 	0.00105	TESS
2459855.25464 	2435799.247417 	0.6604573 	36423.2588890 	36423.0000000 	0.1709851 	0.0005	TESS
2459855.91686 	2435799.247417 	0.6604573 	36424.2615579 	36424.0000000 	0.1727478 	0.00047	TESS
2459856.56567 	2435799.247417 	0.6604573 	36425.2439227 	36425.0000000 	0.1611005 	0.00057	TESS
2459857.23755 	2435799.247417 	0.6604573 	36426.2612178 	36426.0000000 	0.1725232 	0.00044	TESS
2459857.89061 	2435799.247417 	0.6604573 	36427.2500175 	36427.0000000 	0.1651259 	0.00038	TESS
2459858.550224 	2435799.247417 	0.6604573 	36428.2487407 	36428.0000000 	0.1642826 	0.00084	AAVSO
2459858.55185 	2435799.247417 	0.6604573 	36428.2512026 	36428.0000000 	0.1659086 	0.00096	TESS
2459859.21386 	2435799.247417 	0.6604573 	36429.2535536 	36429.0000000 	0.1674613 	0.00053	TESS
2459859.88103 	2435799.247417 	0.6604573 	36430.2637173 	36430.0000000 	0.1741740 	0.00031	TESS
2459860.53706 	2435799.247417 	0.6604573 	36431.2570139 	36431.0000000 	0.1697467 	0.00055	TESS
2459861.19730 	2435799.247417 	0.6604573 	36432.2566849 	36432.0000000 	0.1695294 	0.00048	TESS
2459861.85630 	2435799.247417 	0.6604573 	36433.2544784 	36433.0000000 	0.1680721 	0.00038	TESS
2459862.50861 	2435799.247417 	0.6604573 	36434.2421425 	36434.0000000 	0.1599248 	0.00025	TESS
2459863.17667 	2435799.247417 	0.6604573 	36435.2536538 	36435.0000000 	0.1675275 	0.00031	TESS
2459866.48849 	2435799.247417 	0.6604573 	36440.2680885 	36440.0000000 	0.1770610 	0.00059	TESS
2459867.14111 	2435799.247417 	0.6604573 	36441.2562220 	36441.0000000 	0.1692237 	0.0005	TESS
2459867.79822 	2435799.247417 	0.6604573 	36442.2511539 	36442.0000000 	0.1658764 	0.00056	TESS
2459868.45916 	2435799.247417 	0.6604573 	36443.2518847 	36443.0000000 	0.1663591 	0.00031	TESS
2459869.11261 	2435799.247417 	0.6604573 	36444.2412749 	36444.0000000 	0.1593518 	0.0008	TESS
2459869.78573 	2435799.247417 	0.6604573 	36445.2604476 	36445.0000000 	0.1720145 	0.00042	TESS
2459870.43597 	2435799.247417 	0.6604573 	36446.2449775 	36446.0000000 	0.1617972 	0.00032	TESS
2459871.10039 	2435799.247417 	0.6604573 	36447.2509775 	36447.0000000 	0.1657599 	0.00077	TESS
2459871.76448 	2435799.247417 	0.6604573 	36448.2564777 	36448.0000000 	0.1693926 	0.00043	TESS
2459872.42156 	2435799.247417 	0.6604573 	36449.2513642 	36449.0000000 	0.1660153 	0.00029	TESS
2459873.08327 	2435799.247417 	0.6604573 	36450.2532609 	36450.0000000 	0.1672680 	0.00097	TESS
2459873.733704 	2435799.247417 	0.6604573 	36451.2380846 	36451.0000000 	0.1572447 	0.0005	AAVSO
2459873.73641 	2435799.247417 	0.6604573 	36451.2421817 	36451.0000000 	0.1599507 	0.00072	TESS
2459874.40650 	2435799.247417 	0.6604573 	36452.2567666 	36452.0000000 	0.1695834 	0.00052	TESS
2459875.06297 	2435799.247417 	0.6604573 	36453.2507295 	36453.0000000 	0.1655961 	0.00061	TESS
2459875.721554 	2435799.247417 	0.6604573 	36454.2478931 	36454.0000000 	0.1637228 	0.00062	AAVSO
2459875.72139 	2435799.247417 	0.6604573 	36454.2476448 	36454.0000000 	0.1635588 	0.00061	TESS
2459876.38201 	2435799.247417 	0.6604573 	36455.2478911 	36455.0000000 	0.1637215 	0.00074	TESS
2459877.04955 	2435799.247417 	0.6604573 	36456.2586151 	36456.0000000 	0.1708042 	0.00035	TESS
2459877.71167 	2435799.247417 	0.6604573 	36457.2611326 	36457.0000000 	0.1724669 	0.00049	TESS
2459878.37153 	2435799.247417 	0.6604573 	36458.2602282 	36458.0000000 	0.1718696 	0.00042	TESS
2459879.02854 	2435799.247417 	0.6604573 	36459.2550086 	36459.0000000 	0.1684223 	0.00035	TESS
2459879.69096 	2435799.247417 	0.6604573 	36460.2579803 	36460.0000000 	0.1703850 	0.00039	TESS
2459880.35190 	2435799.247417 	0.6604573 	36461.2587112 	36461.0000000 	0.1708677 	0.00037	TESS
2459881.00459 	2435799.247417 	0.6604573 	36462.2469507 	36462.0000000 	0.1631004 	0.00037	TESS
2459881.67064 	2435799.247417 	0.6604573 	36463.2554186 	36463.0000000 	0.1686931 	0.00052	TESS
